1500 0
1500 0.1
1505 0
1505 0
1510 0
1510 0
1515 0
1515 0
1520 0
1520 0
1525 0
1525 0
1530 0
1530 0
1535 0
1535 0
1540 0
1540 0.1
1545 0
1545 0
1550 0
1550 0.1
1555 0
1555 0
1560 0
1560 0
1565 0
1565 0
1570 0
1570 0
1575 0
1575 0
1580 0
1580 0
1585 0
1585 0
1590 0
1590 0
1595 0
1595 0
1600 0
1600 0.1
1605 0
1605 0
1610 0
1610 0
1615 0
1615 0
1620 0
1620 0
1625 0
1625 0.15
1630 0
1630 0
1635 0
1635 0
1640 0
1640 0
1645 0
1645 0
1650 0
1650 0.2
1655 0
1655 0
1660 0
1660 0
1665 0
1665 0
1670 0
1670 0
1675 0
1675 0.15
1680 0
1680 0
1685 0
1685 0
1690 0
1690 0
1695 0
1695 0
1700 0
1700 0.2
1705 0
1705 0
1710 0
1710 0
1715 0
1715 0
1720 0
1720 0
1725 0
1725 0.25
1730 0
1730 0
1735 0
1735 0
1740 0
1740 0
1745 0
1745 0
1750 0
1750 0.3
1755 0
1755 0
1760 0
1760 0
1765 0
1765 0
1770 0
1770 0
1775 0
1775 0.35
1780 0
1780 0
1785 0
1785 0
1790 0
1790 0.2
1795 0
1795 0
1800 0
1800 0.3
1805 0
1805 0
1810 0
1810 0
1815 0
1815 0
1820 0
1820 0
1825 0
1825 0.45
1830 0
1830 0
1835 0
1835 0
1840 0
1840 0
1845 0
1845 0
1850 0
1850 0.5
1855 0
1855 0
1860 0
1860 0
1865 0
1865 0
1870 0
1870 0
1875 0
1875 0
1880 0
1880 0
1885 0
1885 0
1890 0
1890 0.55
1895 0
1895 0
1900 0
1900 0.7
1905 0
1905 0
1910 0
1910 0
1915 0
1915 0.5
1920 0
1920 0.5
1925 0
1925 0.55
1930 0
1930 0.55
1935 0
1935 0.6
1940 0
1940 0.55
1945 0
1945 0.6
1950 0
1950 1
1955 0
1955 0.6
1960 0
1960 0.65
1965 0
1965 0.65
1970 0
1970 0.7
1975 0
1975 0.7
1980 0
1980 0.7
1985 0
1985 1.1
1990 0
1990 1.25
1995 0
1995 1
2000 0
2000 1.2
2005 0
2005 1.3
2010 0
2010 1.35
2015 0
2015 1.35
2020 0
2020 1.4
2025 0
2025 1.45
2030 0
2030 1.48
2035 0
2035 1.05
2040 0
2040 1
2045 0
2045 1.1
2050 0
2050 1.8
2055 0
2055 1.75
2060 0
2060 1.6
2065 0
2065 0
2070 0
2070 2
2075 0
2075 1.77
2080 0
2080 2.15
2085 0
2085 2.15
2090 0
2090 1.9
2095 0
2095 1.6
2100 0
2100 1.9
2105 0
2105 0
2110 0
2110 2.45
2115 0
2115 2.3
2120 0
2120 2.3
2125 0
2125 3
2130 0
2130 1.9
2135 0
2135 1.95
2140 0
2140 2.2
2145 0
2145 2.7
2150 0
2150 3.56
2155 0
2155 3.37
2160 0
2160 4
2165 0
2165 3.31
2170 183.5
2170 3.47
2175 167.9
2175 3.38
2180 0
2180 4.7
2185 0
2185 4.9
2190 161.21
2190 4.4
2195 0
2195 3.6
2200 150.08
2200 3.92
2205 0
2205 4.85
2210 136.1
2210 4.35
2215 0
2215 6.65
2220 0
2220 5.75
2225 132.3
2225 5.38
2230 0
2230 5.35
2235 123
2235 7.15
2240 106
2240 6.3
2245 0
2245 8.7
2250 105
2250 7.05
2255 93.94
2255 7.6
2260 101.58
2260 10.52
2265 0
2265 8.8
2270 86.96
2270 8.8
2275 0
2275 9.4
2280 70.5
2280 10.3
2285 77.04
2285 15.1
2290 70.9
2290 12.35
2295 68.2
2295 12.23
2300 59.9
2300 13.55
2305 59.63
2305 15.5
2310 52
2310 16.6
2315 50.47
2315 20.65
2320 42.7
2320 17.85
2325 38.54
2325 20
2330 37.5
2330 21
2335 31.68
2335 22.65
2340 32.7
2340 25.1
2345 29
2345 25.2
2350 24.5
2350 27.5
2355 22.2
2355 30.8
2360 19.7
2360 31.6
2365 17
2365 34.7
2370 15.4
2370 37.7
2375 12.8
2375 44.1
2380 11.25
2380 44.15
2385 8.68
2385 47.4
2390 7.95
2390 55.7
2395 5.3
2395 61.5
2400 5.3
2400 59.68
2405 4.3
2405 0
2410 3.29
2410 68.43
2415 2.55
2415 74.25
2420 2.1
2420 0
2425 1.6
2425 77.32
2430 1.21
2430 0
2435 1
2435 0
2440 0.75
2440 0
2445 0.6
2445 0
2450 0.65
2450 105
2455 0.5
2455 0
2460 0.46
2460 0
2465 0.35
2465 0
2470 0.45
2470 0
2475 0.35
2475 0
2480 0.45
2480 0
2485 0.31
2485 0
2490 0.27
2490 0
2495 0.28
2495 0
2500 0.23
2500 0
2505 0
2505 0
2510 0.2
2510 0
2515 0
2515 0
2520 0.25
2520 0
2525 0.2
2525 0
2530 0.2
2530 0
2535 0
2535 0
2540 0
2540 0
2545 0
2545 0
2550 0.1
2550 0
2555 0
2555 0
2560 0.09
2560 0
